     126        79        30
1 5 6 7 8 9 10 11 2 12 13 14 15 16 17 18 19 20 3 21 22 23 24 25 26 27 4 28 29 30 1
       11      2     12
       20      3     57
       59      6     73
       42      9     54
       30      1     58
        1      5     58
        7      8     49
       10     11     34
       69     26     74
       58      5     59
        5      6     59
       11     12     34
       12     13     34
       34     13     56
       40     16     51
       50     19     70
       19     20     70
       13     14     56
       15     16     40
       16     17     51
        3     21     57
       27      4     35
        8      9     42
       21     22     44
       22     23     43
       43     23     61
       24     25     55
       55     25     69
       26     27     74
       35     28     60
       51     17     64
       67     31     79
       23     24     61
       25     26     69
       41     34     56
       14     15     53
        4     28     35
       29     30     52
       62     31     72
       18     19     50
       53     32     71
       28     29     60
       71     32     77
       63     31     78
       64     36     68
       27     35     74
       17     18     64
       65     32     75
        9     10     54
       40     32     53
       49     42     77
       10     34     54
       57     33     70
       47     39     72
       43     33     44
       22     43     44
       46     38     79
       65     45     67
       48     37     62
        6      7     73
       55     39     61
       50     33     66
       52     30     58
       63     47     72
        8     42     49
       32     40     75
       47     36     66
       33     43     66
       68     36     78
       50     36     64
       46     37     58
       52     37     60
       15     40     53
       54     41     71
       34     41     54
       65     49     77
       47     43     61
       48     39     69
       53     41     56
       14     53     56
       44     33     57
       21     44     57
       49     38     73
       37     52     58
       38     46     59
       46     58     59
       37     48     60
       29     52     60
       39     47     61
       24     55     61
       62     37     76
       39     48     62
       76     46     79
       36     47     63
       18     50     64
       40     51     68
       68     45     75
       38     49     65
       43     47     66
       36     50     66
       67     45     78
       38     65     67
       36     63     78
       51     64     68
       60     48     74
       39     55     69
       33     50     70
       20     57     70
       41     53     71
       42     54     71
       39     62     72
       31     63     72
        7     49     73
       38     59     73
       35     60     74
       48     69     74
       45     65     75
       40     68     75
       37     46     76
       31     62     76
       32     65     77
       42     71     77
       31     67     78
       45     68     78
       38     67     79
       31     76     79
 1.0000    0.0000
 4.0000    0.0000
 2.0000    3.0000
 0.0000    1.0000
 1.3750    0.0000
 1.7500    0.0000
 2.1250    0.0000
 2.5000    0.0000
 2.8750    0.0000
 3.2500    0.0000
 3.6250    0.0000
 3.8000    0.3000
 3.6000    0.6000
 3.4000    0.9000
 3.2000    1.2000
 3.0000    1.5000
 2.8000    1.8000
 2.6000    2.1000
 2.4000    2.4000
 2.2000    2.7000
 1.7500    2.7500
 1.5000    2.5000
 1.2500    2.2500
 1.0000    2.0000
 0.7500    1.7500
 0.5000    1.5000
 0.2500    1.2500
 0.2500    0.7500
 0.5000    0.5000
 0.7500    0.2500
 1.6812    1.1184
 2.6673    0.8053
 1.9258    2.2736
 3.3924    0.3340
 0.3491    1.0145
 2.0511    1.6365
 1.1268    0.8050
 1.8937    0.5742
 1.2261    1.4952
 2.7795    1.1681
 3.1275    0.5228
 2.6830    0.2837
 1.6038    2.1464
 1.7489    2.4534
 2.2266    1.0511
 1.4892    0.6312
 1.6234    1.7009
 0.9598    1.1659
 2.2833    0.3410
 2.2089    2.0739
 2.6840    1.5071
 0.8389    0.5565
 3.0487    0.8240
 3.0301    0.2801
 1.0205    1.7212
 3.3138    0.6359
 1.9613    2.5975
 1.1673    0.3643
 1.6001    0.3025
 0.6580    0.8585
 1.2877    1.8855
 1.3285    1.1445
 1.7797    1.4126
 2.4553    1.7405
 2.2951    0.7489
 1.8840    1.9652
 1.9673    0.9258
 2.3836    1.3350
 0.8405    1.4745
 2.1399    2.4088
 2.8524    0.5420
 1.5271    1.3735
 1.9302    0.2434
 0.5917    1.2113
 2.4706    1.0186
 1.4619    0.9064
 2.5563    0.5427
 2.0150    1.2437
 1.6971    0.8307
