    1064       569        72
1 153 5 154 6 155 7 156 8 157 9 158 10 159 11 160 12 161 13 162 2 163 14 164 15 165 16 166 17 167 18 168 19 169 20 170 3 171 21 172 22 173 23 174 24 175 25 176 26 177 27 178 28 179 29 180 4 181 30 182 31 183 32 184 33 185 34 186 35 187 36 188 1     
       20    170    223
       13    162    206
        5    247    190
      105    349    464
       11    160    197
       46    198    217
        6    248    154
       92    298    336
       29    180    193
        6    349    248
       75    241    239
       15    165    239
       59    216    519
       17    327    236
        7    156    417
       10    230    158
       13    215    161
        2    163    205
       14    164    202
      107    363    359
       36    188    191
       47    199    225
       45    196    531
       87    282    279
       21    209    200
       25    227    175
       87    279    280
       23    174    404
       26    177    265
       73    232    233
       79    258    254
       28    179    254
        1    153    189
      110    371    537
      106    354    470
       33    285    184
       22    173    195
       75    240    341
       98    319    559
       30    243    194
       92    301    297
       34    186    332
        4    181    192
       31    244    182
       19    169    218
       37    486    369
      122    425    421
       35    187    260
       76    244    357
      136    488    487
       47    201    221
      117    400    564
       59    215    273
       42    377    316
       58    209    210
       58    212    558
      100    327    328
       72    230    527
      122    421    521
       14    202    207
      104    346    460
       38    251    220
       72    231    567
      120    413    414
       80    261    262
       91    295    403
      114    388    483
       38    319    251
       79    255    256
      125    438    434
       93    302    368
       74    237    315
       94    308    305
       99    323    548
       89    288    524
      111    375    543
       22    195    210
       38    201    211
       48    204    271
       49    208    272
       60    219    221
       38    211    556
        3    171    222
       21    200    224
       88    286    437
       11    197    414
      114    392    388
       48    365    204
       71    228    275
       85    274    504
      117    401    429
       43    450    309
       90    291    509
       87    281    499
       96    313    380
       97    317    412
       80    263    477
      111    374    515
       92    297    298
       99    325    345
       94    306    454
       80    264    263
       73    234    268
       54    281    267
        9    384    157
       51    550    512
       73    235    326
       76    246    259
       78    252    331
       93    303    391
       16    166    337
       74    238    340
       31    183    466
       56    355    343
      131    461    462
      105    353    350
       18    168    359
      112    382    379
       73    258    235
       76    259    245
      130    458    479
       77    264    249
       91    296    442
       27    232    266
       82    269    272
       39    216    270
      110    373    371
      113    384    385
       86    277    399
      128    449    447
      119    411    410
      124    430    534
       93    304    424
       86    276    278
       66    498    441
       87    280    283
      129    453    452
       95    310    474
      121    419    538
       65    290    427
       50    228    393
       37    491    443
      125    439    436
       90    292    563
      101    335    478
       88    301    286
       63    481    397
       75    242    367
       88    437    287
       91    308    295
       92    300    473
       43    288    450
       67    492    447
       96    314    315
       96    380    312
      119    409    505
      124    432    506
       98    320    322
       54    234    324
       54    546    440
       53    237    329
       60    361    218
       80    335    260
       92    336    300
       17    236    338
       55    242    339
      132    469    468
       99    345    323
       83    372    536
      130    459    458
       57    250    350
      104    353    348
       56    246    355
      103    358    344
       60    253    361
       78    331    362
       48    241    365
       55    303    366
      149    553    551
      149    554    552
      110    372    542
      110    370    373
      143    525    544
      141    516    513
      112    379    381
       98    382    320
      113    387    386
      113    385    569
       93    391    304
       55    314    389
       71    282    394
      138    498    511
      135    485    482
       51    276    396
       67    293    444
       66    296    402
       24    226    405
       71    275    406
       50    291    408
       97    412    318
       86    278    528
       63    277    422
      121    420    419
        8    383    418
       46    217    518
      122    423    425
       89    488    428
       37    400    426
       85    532    407
       98    433    321
       52    306    435
      125    434    439
       44    294    545
       87    499    395
      137    491    494
      127    445    565
       42    316    446
       63    390    481
       94    454    307
      129    451    455
       43    309    456
      130    457    460
      105    464    351
        7    417    462
       32    284    467
      106    470    356
       52    299    471
       70    311    472
       70    334    476
       57    457    475
      116    484    398
      135    480    485
       51    396    550
      136    486    490
      137    492    495
      128    496    448
       66    292    508
      138    497    501
       50    408    502
       64    431    503
      140    507    510
      115    500    510
      111    515    375
      136    516    489
       39    302    517
       93    424    520
       62    289    523
       43    370    522
      120    416    529
       10    413    526
       23    404    530
       85    432    532
      131    465    539
      131    539    463
       83    376    541
       62    523    540
       54    324    546
       91    442    547
      137    554    493
      141    555    514
      124    433    560
       45    430    557
       66    402    562
      151    561    565
       51    374    566
      111    387    568
        3    222    170
        2    205    162
       77    249    247
        6    461    349
       12    198    160
       12    214    198
       77    247    248
       34    332    298
        4    192    180
      105    352    349
       48    203    241
       16    240    165
       39    517    216
      100    330    327
        8    418    156
       72    229    230
       59    214    215
       14    207    163
       15    203    164
      100    328    363
        1    189    188
       20    223    199
       23    530    196
       71    227    282
       58    213    209
       71    226    227
       25    176    279
       24    405    174
       27    266    177
       27    178    232
       73    233    258
       29    255    179
        5    190    153
       68    535    371
       31    466    354
       88    284    285
       23    196    173
       16    337    240
       38    556    319
       76    245    243
       88    285    301
       35    333    186
       30    194    181
       76    243    244
       20    219    169
      136    489    486
      120    415    425
       36    261    187
       31    354    244
       89    289    488
       38    220    201
       37    561    400
       13    269    215
      112    381    377
       21    172    209
       45    557    212
       17    167    327
       10    526    230
       46    518    421
       48    208    202
       43    456    346
       78    253    251
       51    566    231
       10    159    413
       36    191    261
       65    401    295
       42    480    388
       98    322    319
       29    193    255
       94    305    438
       39    364    302
       53    313    237
       91    294    308
       44    545    323
       43    522    288
       62    540    375
       45    212    195
       47    213    201
       39    270    204
       48    271    208
       20    199    219
       58    558    211
       21    224    171
       47    225    200
       52    435    286
       46    415    197
       96    312    392
      108    364    365
       50    274    228
       50    502    274
       65    427    401
      129    455    450
       50    507    291
       54    497    281
       53    378    313
       64    409    317
       57    475    263
       51    512    374
       33    185    297
       56    343    325
       52    451    306
       77    250    264
       54    267    234
       87    283    281
      113    383    384
      149    555    550
       56    325    235
       56    257    246
       53    329    252
       55    389    303
       17    338    166
       55    339    238
       32    467    183
      106    358    355
        6    155    461
      104    347    353
       19    360    168
       98    321    382
       79    257    258
       79    256    259
       70    476    458
       80    262    264
       66    441    296
       73    268    232
       13    206    269
       59    273    216
      104    348    373
        9    229    384
       63    397    277
       97    318    449
       90    293    411
       45    531    430
       63    422    304
       51    231    276
      138    501    498
       26    265    280
       89    290    453
       52    471    310
       83    536    419
       89    428    290
       71    394    228
      137    495    491
      103    344    439
       66    562    292
       80    477    335
       92    299    301
      135    484    481
       55    366    242
      125    436    437
       94    307    308
       70    472    300
       89    453    288
      137    496    492
       55    238    314
      112    377    380
       64    503    409
       85    504    432
       53    252    320
       73    326    234
      148    549    546
       74    330    237
      107    360    361
      101    333    335
      101    334    336
       74    340    236
       75    341    242
       88    287    469
      103    342    345
      110    537    372
       95    311    459
       77    352    250
      105    351    353
       76    357    246
      106    356    358
       78    362    253
      100    363    331
       75    367    241
       93    368    303
      116    398    553
      137    494    554
       83    541    372
       43    346    370
      110    542    525
      136    487    516
       64    317    379
      112    378    382
      111    376    387
       72    567    385
      114    390    391
       96    392    314
       87    395    282
       66    508    498
      128    448    485
       86    399    276
       90    445    293
       91    403    296
       71    406    226
       85    407    275
       90    411    291
      119    410    412
       72    527    278
       86    423    277
      113    386    420
      113    420    383
       59    519    217
       86    416    423
      136    490    488
      117    429    400
      145    533    532
      124    431    433
       94    438    306
       44    342    434
       91    547    294
      138    500    499
       37    369    491
       90    563    445
       97    449    316
      114    483    390
      129    452    454
       52    310    451
       95    459    309
       57    347    457
      131    463    464
      121    465    417
       88    469    284
      132    468    470
       92    473    299
       95    474    311
      101    478    334
      130    479    457
      135    482    484
       42    446    480
      116    553    396
       37    426    486
       67    444    492
      137    493    496
       90    509    292
       54    440    497
      119    505    408
      124    506    431
       50    393    507
      138    511    500
      141    513    515
      141    514    516
       93    520    302
      122    521    424
       89    524    289
      110    525    370
       86    528    416
      120    529    413
      118    533    404
      124    534    432
      121    538    465
      146    535    539
      111    543    376
      143    544    523
       99    548    324
      126    549    442
      149    551    554
      149    552    555
       98    559    433
      124    560    430
      117    564    402
       37    443    561
      111    568    374
      113    569    387
       61    223    222
       49    206    205
       40    190    249
      131    464    461
       46    197    198
       59    217    214
        5    154    247
      101    336    332
       41    193    192
       77    248    352
       15    239    203
       75    239    240
      142    519    517
       74    236    330
      121    417    418
        9    158    229
       12    161    214
       49    205    207
       48    202    203
       18    359    328
       40    191    189
       61    225    223
      145    531    530
       25    279    227
       47    200    213
       24    175    226
       26    280    176
      118    404    405
       81    265    266
       28    233    178
       28    254    233
       79    254    255
       40    189    190
      146    537    535
      132    470    466
       32    184    284
       45    195    196
      102    341    337
      150    559    556
       41    194    245
       33    297    285
      101    332    333
       41    192    194
       30    182    243
       60    218    219
      109    369    489
       46    421    415
       80    260    261
      106    357    354
       62    487    289
       60    221    220
      151    564    561
       82    273    269
       97    316    381
       22    210    172
      150    558    557
       18    328    167
      144    527    526
      142    521    518
       49    207    208
      130    460    456
       60    220    253
      152    567    566
       11    414    159
       40    262    191
      117    403    401
      135    483    480
       78    251    322
       41    256    193
       44    434    305
      108    368    364
       96    315    313
       44    305    294
      148    548    545
      143    524    522
      147    543    540
       58    210    212
       58    211    213
       82    271    270
       82    272    271
       47    221    199
      150    556    558
       61    222    224
       61    224    225
      125    437    435
      120    414    415
       42    388    312
       39    204    364
       85    275    274
      139    504    502
      123    429    427
       95    309    455
      140    509    507
      138    499    497
      112    380    378
      119    412    409
      134    477    475
      141    515    512
       34    298    185
      103    345    343
      129    454    451
       57    263    250
       81    268    267
       81    267    283
        8    157    383
      141    512    555
       99    326    325
       79    259    257
      100    331    329
      114    391    389
      102    337    338
      102    340    339
      132    466    467
      103    343    358
        7    462    155
       57    350    347
      107    359    360
       64    379    321
       56    235    257
       41    245    256
      134    479    476
       40    249    262
      126    442    441
       81    266    268
       49    272    206
       82    270    273
       68    371    348
       72    385    229
      116    399    397
       67    447    318
       67    410    293
      145    534    531
      122    424    422
       72    278    231
      126    441    501
       81    283    265
       65    452    290
      133    474    471
      146    538    536
      123    427    428
      115    393    394
      127    443    495
       69    436    344
      151    563    562
      134    478    477
       52    286    299
      116    397    484
      108    367    366
       69    287    436
       65    295    307
      133    473    472
      129    450    453
      128    447    496
       74    315    238
       42    312    377
      139    505    503
      139    506    504
       78    322    252
       99    324    326
      126    440    549
      100    329    330
       19    218    360
       35    260    333
       70    300    334
      102    338    340
      102    339    341
       69    468    287
       44    323    342
      146    536    537
       70    458    311
      105    350    352
       68    348    351
      106    355    357
       69    344    356
      107    361    362
      107    362    363
      108    365    367
      108    366    368
       84    551    398
      109    552    494
      147    542    541
      104    373    346
      147    544    542
       62    513    487
       97    381    317
       53    320    378
       83    386    376
      152    569    567
       63    304    390
      114    389    392
      115    394    395
      140    511    508
       84    482    448
      116    396    399
      127    444    445
      117    402    403
      118    405    406
      118    406    407
      119    408    411
       67    318    410
      144    528    527
      122    422    423
       83    419    386
      121    418    420
      142    518    519
      120    425    416
      123    428    490
      123    426    429
      118    407    533
       64    321    431
      125    435    438
      103    439    342
      148    545    547
      115    395    500
      109    494    369
      151    565    563
      128    446    449
      135    481    483
       65    307    452
       95    455    310
      130    456    459
      104    460    347
       68    351    463
      131    462    465
      132    467    469
       69    356    468
      133    471    473
      133    472    474
      134    476    478
      134    475    479
       84    398    482
      128    485    446
      149    550    553
      123    490    426
      127    495    444
       84    448    493
      140    508    509
      126    501    440
      139    502    505
      139    503    506
      115    510    393
      140    510    511
       62    375    513
      109    489    514
      142    517    520
      142    520    521
      143    523    524
      143    522    525
      144    529    528
      144    526    529
      145    530    533
      145    532    534
      146    539    538
       68    463    535
      147    541    543
      147    540    544
      148    546    548
      148    547    549
       84    493    551
      109    514    552
      150    560    559
      150    557    560
      151    562    564
      127    565    443
      152    566    568
      152    568    569
      222    223    170
      205    206    162
      249    190    247
      461    464    349
      198    197    160
      214    217    198
      247    154    248
      332    336    298
      192    193    180
      352    248    349
      203    239    241
      240    239    165
      517    519    216
      330    236    327
      418    417    156
      229    158    230
      214    161    215
      207    205    163
      203    202    164
      328    359    363
      189    191    188
      223    225    199
      530    531    196
      227    279    282
      213    200    209
      226    175    227
      176    280    279
      405    404    174
      266    265    177
      178    233    232
      233    254    258
      255    254    179
      190    189    153
      535    537    371
      466    470    354
      284    184    285
      196    195    173
      337    341    240
      556    559    319
      245    194    243
      285    297    301
      333    332    186
      194    192    181
      243    182    244
      219    218    169
      489    369    486
      415    421    425
      261    260    187
      354    357    244
      289    487    488
      220    221    201
      561    564    400
      269    273    215
      381    316    377
      172    210    209
      557    558    212
      167    328    327
      526    527    230
      518    521    421
      208    207    202
      456    460    346
      253    220    251
      566    567    231
      159    414    413
      191    262    261
      401    403    295
      480    483    388
      322    251    319
      193    256    255
      305    434    438
      364    368    302
      313    315    237
      294    305    308
      545    548    323
      522    524    288
      540    543    375
      212    210    195
      213    211    201
      270    271    204
      271    272    208
      199    221    219
      558    556    211
      224    222    171
      225    224    200
      435    437    286
      415    414    197
      312    388    392
      364    204    365
      274    275    228
      502    504    274
      427    429    401
      455    309    450
      507    509    291
      497    499    281
      378    380    313
      409    412    317
      475    477    263
      512    515    374
      185    298    297
      343    345    325
      451    454    306
      250    263    264
      267    268    234
      283    267    281
      383    157    384
      555    512    550
      325    326    235
      257    259    246
      329    331    252
      389    391    303
      338    337    166
      339    340    238
      467    466    183
      358    343    355
      155    462    461
      347    350    353
      360    359    168
      321    379    382
      257    235    258
      256    245    259
      476    479    458
      262    249    264
      441    442    296
      268    266    232
      206    272    269
      273    270    216
      348    371    373
      229    385    384
      397    399    277
      318    447    449
      293    410    411
      531    534    430
      422    424    304
      231    278    276
      501    441    498
      265    283    280
      290    452    453
      471    474    310
      536    538    419
      428    427    290
      394    393    228
      495    443    491
      344    436    439
      562    563    292
      477    478    335
      299    286    301
      484    397    481
      366    367    242
      436    287    437
      307    295    308
      472    473    300
      453    450    288
      496    447    492
      238    315    314
      377    312    380
      503    505    409
      504    506    432
      252    322    320
      326    324    234
      549    440    546
      330    329    237
      360    218    361
      333    260    335
      334    300    336
      340    338    236
      341    339    242
      287    468    469
      342    323    345
      537    536    372
      311    458    459
      352    350    250
      351    348    353
      357    355    246
      356    344    358
      362    361    253
      363    362    331
      367    365    241
      368    366    303
      398    551    553
      494    552    554
      541    542    372
      346    373    370
      542    544    525
      487    513    516
      317    381    379
      378    320    382
      376    386    387
      567    569    385
      390    304    391
      392    389    314
      395    394    282
      508    511    498
      448    482    485
      399    396    276
      445    444    293
      403    402    296
      406    405    226
      407    406    275
      411    408    291
      410    318    412
      527    528    278
      423    422    277
      386    419    420
      420    418    383
      519    518    217
      416    425    423
      490    428    488
      429    426    400
      533    407    532
      431    321    433
      438    435    306
      342    439    434
      547    545    294
      500    395    499
      369    494    491
      563    565    445
      449    446    316
      483    481    390
      452    307    454
      310    455    451
      459    456    309
      347    460    457
      463    351    464
      465    462    417
      469    467    284
      468    356    470
      473    471    299
      474    472    311
      478    476    334
      479    475    457
      482    398    484
      446    485    480
      553    550    396
      426    490    486
      444    495    492
      493    448    496
      509    508    292
      440    501    497
      505    502    408
      506    503    431
      393    510    507
      511    510    500
      513    375    515
      514    489    516
      520    517    302
      521    520    424
      524    523    289
      525    522    370
      528    529    416
      529    526    413
      533    530    404
      534    532    432
      538    539    465
      535    463    539
      543    541    376
      544    540    523
      548    546    324
      549    547    442
      551    493    554
      552    514    555
      559    560    433
      560    557    430
      564    562    402
      443    565    561
      568    566    374
      569    568    387
 0.0000    0.0000
 5.0000    0.0000
 5.0000    4.0000
 0.0000    4.0000
 0.5000    0.0000
 1.0000    0.0000
 1.5000    0.0000
 2.0000    0.0000
 2.5000    0.0000
 3.0000    0.0000
 3.5000    0.0000
 4.0000    0.0000
 4.5000    0.0000
 5.0000    0.5000
 5.0000    1.0000
 5.0000    1.5000
 5.0000    2.0000
 5.0000    2.5000
 5.0000    3.0000
 5.0000    3.5000
 4.5000    4.0000
 4.0000    4.0000
 3.5000    4.0000
 3.0000    4.0000
 2.5000    4.0000
 2.0000    4.0000
 1.5000    4.0000
 1.0000    4.0000
 0.5000    4.0000
 0.0000    3.5000
 0.0000    3.0000
 0.0000    2.5000
 0.0000    2.0000
 0.0000    1.5000
 0.0000    1.0000
 0.0000    0.5000
 2.3253    1.9580
 4.2935    3.2026
 4.2513    0.7182
 0.3141    0.3343
 0.3217    3.6955
 3.5657    1.9407
 1.3297    1.2999
 1.2443    2.6605
 3.7755    3.6085
 3.7600    0.3517
 4.5691    3.5339
 4.6341    0.7570
 4.7173    0.3392
 2.8212    3.0206
 2.6730    0.9797
 0.8554    1.9525
 4.2120    2.3932
 1.6994    3.2297
 4.2749    1.4956
 0.8283    3.2322
 0.8064    0.8056
 4.1826    3.6064
 4.1525    0.3595
 4.6717    3.1336
 4.7672    3.7586
 2.0024    1.2713
 3.4856    1.1499
 3.4872    2.7210
 1.6576    2.0367
 2.1508    2.6328
 2.9189    2.2445
 1.3435    0.6505
 0.5999    2.6387
 0.6686    1.4057
 2.7593    3.5381
 2.7220    0.4719
 1.2437    3.5482
 4.4711    1.9838
 4.6584    1.2433
 0.3940    3.3379
 0.6782    0.4039
 4.4210    2.7938
 0.7145    3.6368
 0.3955    0.7674
 1.7254    3.6622
 4.4515    0.4360
 1.8623    0.7006
 3.0101    1.6081
 3.1658    3.3282
 3.1390    0.7667
 2.1833    3.5288
 0.4379    2.2769
 1.7274    1.5852
 2.6191    2.5616
 1.6720    2.5049
 0.4328    1.7214
 3.9592    1.0472
 1.2656    2.2314
 0.9643    1.5464
 4.0120    1.9524
 3.3281    2.3048
 3.9587    2.8515
 1.2385    3.0654
 4.6420    2.4074
 0.3523    1.2464
 4.6814    1.6456
 0.8808    2.8349
 1.1667    0.8919
 1.0598    0.5167
 0.5010    2.9555
 4.7469    2.7676
 4.3566    1.0544
 2.4633    1.6336
 1.5474    0.9062
 2.2088    0.9153
 3.7622    2.3617
 2.2166    0.4480
 3.7764    1.5279
 2.4671    3.2087
 3.0665    1.2530
 2.0192    2.2231
 3.1731    3.6849
 3.0679    2.6380
 3.3449    0.3756
 1.7550    0.3476
 3.6082    0.7244
 1.9739    1.8833
 3.5732    3.1913
 0.8789    2.4360
 1.8376    2.8614
 2.5903    2.1866
 3.1547    1.9210
 1.2976    1.7777
 0.9243    1.1725
 1.3721    0.3503
 0.3071    2.6759
 0.7275    1.6586
 0.6269    1.0802
 3.3463    1.5682
 2.1444    1.6068
 2.7430    1.8560
 2.1297    3.0606
 3.2243    2.9789
 2.4381    2.8968
 2.3714    1.3075
 3.9477    0.6425
 1.6937    1.2128
 3.0533    0.4043
 3.4381    3.5619
 1.5761    0.5902
 1.8637    1.0007
 1.5377    2.8676
 2.7241    1.4397
 3.9570    3.2923
 2.3409    2.3130
 2.4577    0.7034
 0.2500    0.0000
 0.7500    0.0000
 1.2500    0.0000
 1.7500    0.0000
 2.2500    0.0000
 2.7500    0.0000
 3.2500    0.0000
 3.7500    0.0000
 4.2500    0.0000
 4.7500    0.0000
 5.0000    0.2500
 5.0000    0.7500
 5.0000    1.2500
 5.0000    1.7500
 5.0000    2.2500
 5.0000    2.7500
 5.0000    3.2500
 5.0000    3.7500
 4.7500    4.0000
 4.2500    4.0000
 3.7500    4.0000
 3.2500    4.0000
 2.7500    4.0000
 2.2500    4.0000
 1.7500    4.0000
 1.2500    4.0000
 0.7500    4.0000
 0.2500    4.0000
 0.0000    3.7500
 0.0000    3.2500
 0.0000    2.7500
 0.0000    2.2500
 0.0000    1.7500
 0.0000    1.2500
 0.0000    0.7500
 0.0000    0.2500
 0.1571    0.1671
 0.4071    0.1671
 0.1571    0.4171
 0.1608    3.8477
 0.4108    3.8477
 0.1608    3.5977
 3.8877    3.8042
 3.6377    3.8042
 3.6300    0.1759
 3.8800    0.1759
 4.7846    3.5170
 4.5346    3.7670
 4.4313    3.3683
 4.8170    0.6285
 4.8170    0.8785
 4.4427    0.7376
 4.8587    0.1696
 4.6087    0.1696
 4.8587    0.4196
 4.6757    0.5481
 4.3413    3.8032
 4.0913    3.8032
 4.2380    3.4045
 3.9790    3.6074
 4.3758    3.5702
 4.0762    0.1797
 4.3262    0.1797
 4.2019    0.5388
 3.9562    0.3556
 4.8358    3.0668
 4.8358    3.3168
 4.4826    3.1681
 4.6204    3.3338
 4.8836    3.8793
 4.8836    3.6293
 4.6336    3.8793
 4.6682    3.6463
 2.8796    3.7691
 2.6296    3.7691
 2.7903    3.2793
 2.6110    0.2359
 2.8610    0.2359
 2.6975    0.7258
 1.3718    3.7741
 1.1218    3.7741
 1.4715    3.3890
 1.0360    3.3902
 4.7355    1.9919
 4.3415    2.1885
 4.3730    1.7397
 4.8292    1.1217
 4.8292    1.3717
 4.6462    1.0002
 4.4666    1.3694
 0.1970    3.4190
 0.1970    3.1690
 0.3579    3.5167
 0.6112    3.2851
 0.5891    0.2020
 0.8391    0.2020
 0.4961    0.3691
 0.7423    0.6048
 4.3572    2.9982
 4.3165    2.5935
 4.5463    2.9637
 0.8573    3.8184
 0.6073    3.8184
 0.5181    3.6661
 0.7714    3.4345
 0.9791    3.5925
 0.5543    3.4874
 0.1977    0.8837
 0.1977    0.6337
 0.3548    0.5508
 0.6009    0.7865
 0.5368    0.5857
 1.8627    3.8311
 1.6127    3.8311
 1.7124    3.4460
 1.4846    3.6052
 4.4758    0.2180
 4.3514    0.5771
 4.5428    0.5965
 4.5844    0.3876
 4.3020    0.3977
 2.9935    3.1744
 2.9625    3.4332
 2.9060    0.8732
 3.3123    0.9583
 2.9305    0.6193
 2.3417    3.7644
 2.0917    3.7644
 1.9414    3.3793
 2.4713    3.5335
 1.9544    3.5955
 0.2190    2.3885
 0.2190    2.1385
 0.6467    2.1147
 0.5189    2.4578
 1.5286    1.4426
 1.8649    1.4283
 1.6925    1.8110
 2.7202    2.7911
 2.3849    2.5972
 2.7690    2.4030
 1.4581    2.5827
 1.6648    2.2708
 1.9114    2.5688
 0.2164    1.8607
 0.2164    1.6107
 0.6441    1.8370
 0.5507    1.5636
 0.4353    1.9992
 4.1053    0.8827
 4.1170    1.2714
 3.7224    1.0985
 1.2549    2.4459
 1.0605    2.0920
 1.4616    2.1341
 1.4688    2.3682
 1.1470    1.4232
 0.9099    1.7495
 0.8165    1.4760
 3.7888    1.9466
 4.1120    2.1728
 4.1434    1.7240
 4.2415    1.9681
 3.4469    2.1228
 3.4076    2.5129
 3.1235    2.2747
 4.1261    3.0271
 4.0853    2.6224
 3.7229    2.7862
 4.1899    2.8226
 1.2414    2.8629
 1.4689    3.1475
 1.0334    3.1488
 1.2411    3.3068
 4.8210    2.2037
 4.8210    2.4537
 4.4270    2.4003
 4.5566    2.1956
 4.5315    2.6006
 0.1762    1.3732
 0.1762    1.1232
 0.5105    1.3261
 0.3739    1.0069
 0.3926    1.4839
 4.8407    1.5728
 4.8407    1.8228
 4.4781    1.5706
 4.5762    1.8147
 4.6699    1.4445
 1.0625    2.7477
 0.8545    3.0335
 0.7404    2.7368
 1.0596    2.9501
 1.2482    1.0959
 0.9865    0.8487
 1.2551    0.7712
 1.0299    0.2584
 0.9331    0.6612
 1.2017    0.5836
 0.8690    0.4603
 1.1133    0.7043
 0.2505    2.9778
 0.6647    3.0939
 0.5505    2.7971
 0.4475    3.1467
 0.6909    2.8952
 4.8735    2.6338
 4.8735    2.8838
 4.7093    2.9506
 4.5840    2.7807
 4.6945    2.5875
 4.3040    0.8863
 4.4954    0.9057
 4.3158    1.2750
 4.5075    1.1488
 4.1579    1.0508
 2.3943    1.7958
 1.4386    1.1031
 1.4455    0.7784
 1.7049    0.8034
 1.3571    0.8991
 2.4409    0.9475
 2.1056    1.0933
 2.0355    0.8080
 3.6639    2.1512
 3.9871    2.3775
 3.6247    2.5413
 3.8871    2.1571
 3.5452    2.3333
 3.8605    2.6066
 2.1083    0.2240
 2.3583    0.2240
 2.4693    0.4599
 2.0394    0.5743
 2.2127    0.6816
 3.6710    1.7343
 4.0256    1.5117
 3.6310    1.3389
 3.8678    1.2875
 3.8942    1.7401
 2.6441    3.1146
 2.6132    3.3734
 2.3252    3.3687
 2.8697    1.1164
 3.2760    1.2014
 3.0383    1.4306
 3.1027    1.0099
 2.1723    2.0905
 1.8384    2.1299
 2.0850    2.4279
 1.8456    2.3640
 3.3366    3.8425
 3.0866    3.8425
 2.9662    3.6115
 3.1694    3.5066
 2.9446    2.8293
 3.2775    2.6795
 2.9934    2.4412
 2.8435    2.5998
 3.1980    2.4714
 3.1725    0.1878
 3.4225    0.1878
 3.5524    0.3637
 3.2420    0.5712
 1.6275    0.1738
 1.8775    0.1738
 1.8086    0.5241
 1.9858    0.3978
 3.6841    0.5381
 3.5469    0.9371
 3.3736    0.7456
 3.7837    0.8858
 3.4766    0.5500
 2.1496    1.9206
 1.8158    1.9600
 1.8507    1.7343
 1.9966    2.0532
 3.6743    3.3999
 3.5302    2.9561
 3.3695    3.2597
 3.7660    3.0214
 1.0616    2.5482
 0.8672    2.1942
 0.7394    2.5374
 0.6584    2.3564
 1.0723    2.3337
 0.8798    2.6354
 1.7685    3.0456
 1.9942    2.7471
 1.7548    2.6831
 2.4578    2.0723
 2.7546    2.2156
 2.6047    2.3741
 3.3602    1.9309
 3.0368    2.0827
 3.0824    1.7645
 3.2414    2.1129
 1.3137    1.5388
 1.0765    1.8651
 1.4776    1.9072
 1.5125    1.6815
 1.2816    2.0046
 1.1310    1.6621
 1.1270    1.2362
 0.8654    0.9891
 0.7965    1.2891
 0.9443    1.3595
 1.0455    1.0322
 1.1860    0.1752
 1.4360    0.1752
 1.3578    0.5004
 1.2160    0.4335
 1.5635    0.3490
 0.1535    2.8379
 0.1535    2.5879
 0.4535    2.6573
 0.3725    2.4764
 0.4041    2.8157
 0.7915    1.8056
 0.6981    1.5321
 0.5801    1.6900
 0.8459    1.6025
 0.7166    0.9429
 0.6478    1.2429
 0.5112    0.9238
 0.4896    1.1633
 0.7756    1.1263
 3.4560    1.7545
 3.4159    1.3590
 3.1782    1.5882
 3.5614    1.5480
 3.2064    1.4106
 3.2505    1.7446
 2.2349    1.7824
 2.0734    1.4391
 1.9359    1.5960
 2.3038    1.6202
 2.0591    1.7451
 2.5341    1.9070
 2.8309    2.0503
 2.8765    1.7321
 2.6031    1.7448
 2.6666    2.0213
 2.9488    1.8885
 1.9145    3.1452
 2.1402    2.8467
 2.1565    3.2947
 2.2984    3.1346
 1.9836    2.9610
 3.0228    2.9997
 3.3557    2.8499
 3.1951    3.1535
 3.1461    2.8084
 3.3988    3.0851
 2.6297    2.9587
 2.2944    2.7648
 2.5286    2.7292
 2.4526    3.0527
 2.2839    2.9787
 2.5222    1.1436
 2.1869    1.2894
 2.4174    1.4706
 2.2901    1.1114
 2.2579    1.4572
 4.0995    0.6803
 3.8538    0.4971
 4.0501    0.5010
 3.9534    0.8448
 3.7780    0.6834
 1.5117    1.2563
 1.8480    1.2420
 1.7106    1.3990
 1.6206    1.0595
 3.0267    0.2021
 2.8877    0.4381
 3.0962    0.5855
 3.1991    0.3900
 3.4690    3.7809
 3.6068    3.5852
 3.3019    3.4450
 3.3056    3.6234
 3.5057    3.3766
 1.4598    0.6204
 1.7192    0.6454
 1.5618    0.7482
 1.6655    0.4689
 1.4741    0.4703
 1.9331    1.1360
 1.8630    0.8506
 1.7056    0.9535
 2.0363    0.9580
 1.7787    1.1067
 1.3910    2.7640
 1.6185    3.0487
 1.6049    2.6863
 1.3881    2.9665
 1.6876    2.8645
 2.6985    1.2097
 2.8671    1.5239
 2.5937    1.5366
 2.8953    1.3464
 2.7335    1.6479
 2.5478    1.3736
 4.1253    3.2474
 3.8663    3.4504
 4.0698    3.4494
 3.9579    3.0719
 3.7651    3.2418
 2.3331    2.1355
 2.2458    2.4729
 2.4800    2.4373
 2.1801    2.2680
 2.4656    2.2498
 2.5654    0.8416
 2.5899    0.5876
 2.3333    0.8094
 2.3372    0.5757
