     680       381        80
1 107 10 108 11 109 12 110 13 111 14 112 15 113 16 114 17 115 18 116 2 117 19 118 20 119 21 120 22 121 3 122 23 123 24 124 25 125 26 126 27 127 4 128 28 129 29 130 30 131 31 132 32 133 33 134 5 146 40 145 39 144 6 135 34 136 35 137 7 138 8 139 36 140 37 141 9 143 38 142 1
       18    116    147
       22    121    153
       40    150    146
       87    283    282
       54    165    284
       57    178    177
       38    142    187
       84    271    270
       69    202    200
       27    127    159
       91    299    359
       17    115    148
       20    149    118
       45    152    175
       16    114    154
       56    171    172
       17    148    155
        7    138    274
       11    210    183
       71    211    302
       45    271    208
        3    277    270
       95    321    318
       96    327    322
       47    158    160
       10    108    182
        1    107    185
        3    122    277
       28    215    160
       34    201    135
       82    262    286
       29    216    129
       12    110    355
       10    221    186
        8    332    275
       66    190    257
       31    255    131
       55    168    205
       35    165    136
       67    193    313
       53    161    162
       25    125    322
       39    168    145
       67    192    193
       37    178    162
       14    266    111
       20    119    156
       76    233    234
       21    173    157
       21    120    173
       72    220    217
       30    190    130
      106    379    376
       74    228    335
       77    240    237
       15    207    112
       50    377    246
       26    126    196
       32    133    309
       92    306    303
       42    349    287
       88    290    287
        9    143    177
       80    251    249
       82    264    260
       92    307    304
       33    150    167
       54    166    204
       45    175    153
       16    154    172
       12    211    109
       44    163    180
       80    253    250
       57    179    224
       44    223    184
       44    180    223
       36    292    139
       42    360    296
       24    124    318
      101    352    350
       77    238    331
       68    197    198
       92    308    305
       48    366    328
       36    161    292
       77    241    238
       70    207    208
       80    250    364
       68    199    248
       81    258    256
       82    260    262
       55    170    312
       66    191    219
      106    381    378
       69    201    204
       69    203    205
       88    288    348
       83    269    267
       65    188    301
       71    212    214
       29    189    216
       68    220    199
       73    221    225
       73    222    226
       60    228    329
        7    338    282
       89    295    294
       75    306    232
      103    363    362
       94    315    374
       75    231    368
       76    241    236
       81    259    257
       66    245    191
       62    324    247
       78    379    243
       42    227    360
       71    253    212
       31    192    255
       78    259    244
       60    339    276
       67    264    195
       65    351    298
       83    266    269
       86    280    279
       49    209    272
       98    337    334
       99    341    340
       23    233    278
       86    279    347
       82    286    263
       60    231    339
       77    290    239
       49    272    344
       53    251    293
       74    335    229
       52    188    297
       83    352    268
       83    268    358
       52    213    300
       78    307    242
       82    308    261
       33    167    310
       43    194    311
       95    320    375
       75    317    230
       68    325    196
       48    235    371
       96    325    326
       95    327    320
       74    240    330
       94    317    369
       98    333    336
       98    332    337
       99    338    342
       87    343    285
       84    281    346
       61    289    345
       49    288    350
      101    349    354
       13    265    356
      102    357    359
       80    364    252
      103    361    365
       48    315    366
       60    329    367
       62    316    372
       76    321    373
      106    378    380
       94    381    314
        2    117    116
        3    151    121
       33    134    150
       35    137    283
       35    283    165
       37    141    178
        1    185    142
       45    151    271
       39    144    202
        4    158    127
       12    355    299
       18    149    115
       18    147    149
       15    171    152
       17    155    114
       15    113    171
       20    156    148
        8    275    138
       71    214    210
       12    299    211
       84    273    271
       86    281    277
       76    234    321
       95    319    327
        4    128    158
       11    183    108
       10    186    107
       23    278    122
       72    217    215
       69    200    201
       54    284    262
       72    215    216
       13    356    110
       73    226    221
       98    336    332
       30    254    190
       81    254    255
       39    202    168
       54    164    165
       32    309    193
       36    140    161
       26    323    125
       55    169    168
       31    132    192
       57    181    178
       83    265    266
       21    157    119
       23    123    233
       56    176    173
       22    174    120
       68    198    220
       66    189    190
       78    242    379
       60    333    228
       74    227    240
       70    206    207
      106    380    377
       27    197    126
       33    310    133
       75    230    306
      101    353    349
       77    237    290
       38    179    143
       53    163    251
       67    194    264
       78    244    307
       40    169    150
       43    203    166
       56    174    175
       46    176    154
       71    210    211
       53    181    163
       71    213    253
       38    222    179
       73    225    223
       57    224    180
       89    291    292
      103    365    360
       25    319    124
       83    267    352
       48    328    238
       27    159    197
       82    263    308
      104    370    366
       53    293    161
       76    235    241
       15    152    207
       52    361    250
       50    246    199
       67    195    258
       43    166    260
       43    311    170
       50    218    191
       94    316    381
       34    164    201
       43    170    203
       49    344    288
       70    209    269
       52    300    188
       44    184    212
       66    219    189
       72    218    220
       10    182    221
       38    187    222
       74    330    228
       99    343    338
       80    252    295
       92    305    306
       74    229    363
       48    371    315
       60    367    231
       77    239    241
       78    245    259
       78    243    245
       96    326    324
      106    377    379
       74    363    227
       80    249    253
       67    258    192
       81    256    259
       99    342    339
       82    261    264
      101    354    351
       14    206    266
       76    236    280
       70    273    209
       89    294    337
       75    232    341
       76    280    233
       61    345    279
       87    285    286
       75    341    231
       88    289    290
       84    346    272
       80    295    251
       98    334    335
       65    298    188
      101    351    352
       65    357    268
       71    302    213
       92    303    307
       92    304    308
       55    312    167
       67    313    194
       62    372    320
       94    314    317
       96    323    325
       76    373    235
       68    248    325
       96    324    327
       77    331    240
       75    368    317
       60    276    333
        8    291    332
        7    274    338
       99    340    343
       86    347    281
       88    348    289
       88    353    288
       42    296    349
       83    358    265
       65    301    357
      103    362    364
       52    297    361
       94    369    315
       97    370    329
       94    374    316
       95    375    321
       62    247    378
      106    376    381
       19    147    117
       45    153    151
        5    146    134
        7    282    137
       87    284    283
        9    177    141
       59    187    185
        3    270    151
        6    200    144
       47    159    158
      102    359    355
       20    148    149
       19    118    147
       56    175    171
       46    154    155
       16    172    113
       46    155    156
       85    274    275
       58    183    214
       91    302    299
       70    208    273
       84    270    281
       24    318    234
       25    322    319
       28    160    128
       58    182    183
       59    185    186
       86    277    278
       47    160    217
        6    135    200
       87    286    284
       28    129    215
      102    355    356
       59    186    226
       85    275    336
       81    257    254
       30    131    254
       69    205    202
       34    136    164
       93    313    309
       37    162    140
       96    322    323
       40    145    169
       32    193    132
       53    162    181
       13    111    265
       46    156    157
       24    234    123
       46    157    176
       56    173    174
       47    217    198
       29    130    189
       41    376    242
       98    335    333
       42    237    227
       14    112    206
       79    246    380
       68    196    197
       93    309    310
       41    303    230
       88    287    353
       42    287    237
       57    177    179
       44    249    163
       43    260    194
       51    304    244
       55    167    169
       69    204    203
       22    153    174
       56    172    176
       11    109    210
       57    180    181
       52    250    213
       73    224    222
       58    184    225
       73    223    224
        8    139    291
       90    296    365
       95    318    319
       49    350    267
       97    331    328
       47    198    159
       63    305    263
       97    328    370
       89    292    293
       48    238    235
       45    208    152
      103    364    361
       79    248    246
       51    256    195
       54    262    166
       93    312    311
       72    219    218
       62    378    316
       54    204    164
       55    205    170
      100    348    344
       49    267    209
       91    301    300
       58    214    184
       72    216    219
       50    199    218
       58    225    182
       59    226    187
       97    329    330
       87    282    343
       64    294    252
       63    232    305
       64    362    229
      105    374    371
      104    368    367
       61    236    239
       66    257    245
       50    191    243
       79    247    326
       50    243    377
      103    360    363
       44    212    249
       81    255    258
       51    244    256
       85    276    342
       51    195    261
       90    298    354
       70    269    206
       61    279    236
       84    272    273
       64    334    294
       63    340    232
       86    278    280
      100    347    345
       63    263    285
       99    339    341
       61    239    289
      100    344    346
       89    293    295
       64    229    334
       90    297    298
       65    268    351
      102    358    357
       91    300    302
       41    242    303
       51    261    304
       93    310    312
       93    311    313
      105    375    372
       41    230    314
       26    196    323
      105    371    373
       79    326    248
       62    320    324
       97    330    331
      104    369    368
       85    336    276
       89    337    291
       85    342    274
       63    285    340
      100    346    347
      100    345    348
      101    350    353
       90    354    296
      102    356    358
       91    359    301
       64    252    362
       90    365    297
      104    366    369
      104    367    370
      105    372    374
      105    373    375
       79    380    247
       41    314    376
      117    147    116
      151    153    121
      134    146    150
      137    282    283
      283    284    165
      141    177    178
      185    187    142
      151    270    271
      144    200    202
      158    159    127
      355    359    299
      149    148    115
      147    118    149
      171    175    152
      155    154    114
      113    172    171
      156    155    148
      275    274    138
      214    183    210
      299    302    211
      273    208    271
      281    270    277
      234    318    321
      319    322    327
      128    160    158
      183    182    108
      186    185    107
      278    277    122
      217    160    215
      200    135    201
      284    286    262
      215    129    216
      356    355    110
      226    186    221
      336    275    332
      254    257    190
      254    131    255
      202    205    168
      164    136    165
      309    313    193
      140    162    161
      323    322    125
      169    145    168
      132    193    192
      181    162    178
      265    111    266
      157    156    119
      123    234    233
      176    157    173
      174    173    120
      198    217    220
      189    130    190
      242    376    379
      333    335    228
      227    237    240
      206    112    207
      380    246    377
      197    196    126
      310    309    133
      230    303    306
      353    287    349
      237    287    290
      179    177    143
      163    249    251
      194    260    264
      244    304    307
      169    167    150
      203    204    166
      174    153    175
      176    172    154
      210    109    211
      181    180    163
      213    250    253
      222    224    179
      225    184    223
      224    223    180
      291    139    292
      365    296    360
      319    318    124
      267    350    352
      328    331    238
      159    198    197
      263    305    308
      370    328    366
      293    292    161
      235    238    241
      152    208    207
      361    364    250
      246    248    199
      195    256    258
      166    262    260
      311    312    170
      218    219    191
      316    378    381
      164    204    201
      170    205    203
      344    348    288
      209    267    269
      300    301    188
      184    214    212
      219    216    189
      218    199    220
      182    225    221
      187    226    222
      330    329    228
      343    282    338
      252    294    295
      305    232    306
      229    362    363
      371    374    315
      367    368    231
      239    236    241
      245    257    259
      243    191    245
      326    247    324
      377    243    379
      363    360    227
      249    212    253
      258    255    192
      256    244    259
      342    276    339
      261    195    264
      354    298    351
      206    269    266
      236    279    280
      273    272    209
      294    334    337
      232    340    341
      280    278    233
      345    347    279
      285    263    286
      341    339    231
      289    239    290
      346    344    272
      295    293    251
      334    229    335
      298    297    188
      351    268    352
      357    358    268
      302    300    213
      303    242    307
      304    261    308
      312    310    167
      313    311    194
      372    375    320
      314    230    317
      323    196    325
      373    371    235
      248    326    325
      324    320    327
      331    330    240
      368    369    317
      276    336    333
      291    337    332
      274    342    338
      340    285    343
      347    346    281
      348    345    289
      353    350    288
      296    354    349
      358    356    265
      301    359    357
      362    252    364
      297    365    361
      369    366    315
      370    367    329
      374    372    316
      375    373    321
      247    380    378
      376    314    381
 0.0000    0.0000
 5.0000    0.0000
 3.0000    1.0000
 3.0000    4.0000
 0.0000    4.0000
 0.0000    3.0000
 0.7500    2.2500
 0.7500    1.7500
 0.0000    1.0000
 0.5000    0.0000
 1.0000    0.0000
 1.5000    0.0000
 2.0000    0.0000
 2.5000    0.0000
 3.0000    0.0000
 3.5000    0.0000
 4.0000    0.0000
 4.5000    0.0000
 4.6000    0.2000
 4.2000    0.4000
 3.8000    0.6000
 3.4000    0.8000
 3.0000    1.5000
 3.0000    2.0000
 3.0000    2.5000
 3.0000    3.0000
 3.0000    3.5000
 2.5714    4.0000
 2.1429    4.0000
 1.7143    4.0000
 1.2857    4.0000
 0.8571    4.0000
 0.4286    4.0000
 0.2500    2.7500
 0.5000    2.5000
 0.5000    1.5000
 0.2500    1.2500
 0.0000    0.5000
 0.0000    3.3333
 0.0000    3.6667
 1.7650    2.7702
 1.8254    1.1519
 0.6761    3.3008
 0.7305    0.6711
 3.0204    0.5766
 3.7835    0.2750
 2.7127    3.6773
 2.0649    1.9892
 2.3460    0.7808
 2.1977    3.2485
 1.3711    3.2540
 1.4513    0.7178
 0.6308    1.0955
 0.6099    2.8884
 0.3496    3.5188
 3.4174    0.3751
 0.3393    0.8225
 0.7610    0.3045
 0.2316    0.2301
 1.4231    1.9925
 2.3721    1.3463
 2.3468    2.5898
 1.2096    2.6693
 1.2301    1.3161
 1.7698    0.5788
 1.9544    3.6114
 1.0628    3.5528
 2.6202    3.2532
 0.3147    3.1326
 2.6171    0.4356
 1.1500    0.4342
 2.3679    3.6323
 0.4266    0.4208
 1.5598    1.5091
 1.5346    2.4653
 2.5143    1.7682
 2.0415    1.5299
 1.7660    3.1800
 2.3846    2.9449
 1.0789    0.9554
 1.5273    3.6011
 1.0382    3.0274
 2.1460    0.4109
 2.6855    0.8516
 1.0430    1.9972
 2.6717    1.2551
 0.8757    2.6128
 2.1734    1.1139
 0.8895    1.3785
 1.7036    0.8673
 1.5321    0.3996
 1.4500    2.8970
 0.6755    3.6754
 1.9823    2.4358
 2.6416    2.3073
 2.6672    2.7661
 1.7705    1.8338
 1.1493    1.6573
 1.1404    2.3326
 2.4514    1.0681
 1.9950    0.8150
 1.7898    0.2764
 1.4747    1.0846
 1.7570    2.1445
 2.3123    2.2185
 2.0770    2.8630
 0.2500    0.0000
 0.7500    0.0000
 1.2500    0.0000
 1.7500    0.0000
 2.2500    0.0000
 2.7500    0.0000
 3.2500    0.0000
 3.7500    0.0000
 4.2500    0.0000
 4.7500    0.0000
 4.8000    0.1000
 4.4000    0.3000
 4.0000    0.5000
 3.6000    0.7000
 3.2000    0.9000
 3.0000    1.2500
 3.0000    1.7500
 3.0000    2.2500
 3.0000    2.7500
 3.0000    3.2500
 3.0000    3.7500
 2.7857    4.0000
 2.3571    4.0000
 1.9286    4.0000
 1.5000    4.0000
 1.0714    4.0000
 0.6429    4.0000
 0.2143    4.0000
 0.1250    2.8750
 0.3750    2.6250
 0.6250    2.3750
 0.7500    2.0000
 0.6250    1.6250
 0.3750    1.3750
 0.1250    1.1250
 0.0000    0.2500
 0.0000    0.7500
 0.0000    3.1667
 0.0000    3.5000
 0.0000    3.8333
 4.5500    0.1000
 4.1000    0.2000
 4.3500    0.2000
 0.2143    3.8333
 3.0102    0.7883
 3.0102    0.2883
 3.2102    0.6883
 3.6418    0.1375
 3.8918    0.1375
 3.9918    0.3375
 3.7918    0.4375
 2.8563    3.8386
 2.8563    3.5886
 2.6420    3.8386
 0.5654    1.2978
 0.4404    1.1728
 0.6807    0.8833
 0.4300    2.8192
 0.5550    2.6942
 0.6430    3.0946
 0.3891    3.7594
 0.1748    3.4261
 0.1748    3.5927
 0.5128    3.4098
 3.2087    0.1876
 3.4587    0.1876
 3.6087    0.4876
 3.4087    0.5876
 3.2189    0.4759
 3.6005    0.3251
 0.1697    0.9112
 0.2947    1.0362
 0.1697    0.6612
 0.5349    0.7468
 0.4851    0.9590
 0.6305    0.1523
 0.8805    0.1523
 0.7458    0.4878
 0.1158    0.1150
 0.3658    0.1150
 0.1158    0.3650
 1.6106    0.6483
 2.0486    3.8057
 1.8343    3.8057
 2.0760    3.4299
 1.1742    3.7764
 0.9600    3.7764
 0.8694    3.4268
 1.2169    3.4034
 2.8101    3.1266
 2.8101    3.3766
 2.6664    3.4652
 2.4090    3.2508
 0.1574    3.0663
 0.2824    2.9413
 0.1574    3.2330
 0.4954    3.2167
 0.4623    3.0105
 0.3321    3.3257
 2.5585    0.2178
 2.8085    0.2178
 2.8187    0.5061
 2.4815    0.6082
 1.0750    0.2171
 1.3250    0.2171
 0.9403    0.5526
 1.3007    0.5760
 0.9555    0.3694
 2.4697    3.8161
 2.2554    3.8161
 2.5403    3.6548
 2.2828    3.4404
 2.1612    3.6218
 2.4941    3.4427
 0.4633    0.2104
 0.2133    0.4604
 0.5785    0.5460
 0.3830    0.6216
 0.5938    0.3627
 0.3291    0.3255
 1.6926    1.3305
 1.4914    1.7508
 1.3950    1.4126
 1.6498    2.6178
 1.4788    2.2289
 1.3721    2.5673
 2.7572    1.6341
 2.7572    1.8841
 2.2896    1.8787
 2.4432    1.5572
 1.9335    1.3409
 2.0532    1.7596
 2.2068    1.4381
 1.8006    1.5195
 2.2779    1.6491
 1.7655    2.9751
 1.9819    3.2142
 1.5686    3.2170
 1.8602    3.3957
 2.2912    3.0967
 2.3657    2.7674
 2.5024    3.0990
 0.9047    0.8132
 1.2651    0.8366
 0.8549    1.0255
 1.1545    1.1358
 1.1145    0.6948
 1.6208    3.8006
 1.4065    3.8006
 1.4492    3.4276
 1.7408    3.6062
 1.2950    3.5770
 1.6467    3.3906
 0.8571    3.1641
 1.2046    3.1407
 0.8240    2.9579
 1.1239    2.8483
 1.0505    3.2901
 2.0730    0.2054
 2.3230    0.2054
 2.2460    0.5959
 1.9579    0.4948
 2.3815    0.4232
 2.8427    0.9258
 2.8529    0.7141
 2.5157    0.8162
 2.6513    0.6436
 0.8965    2.1236
 0.8965    1.8736
 1.2330    1.9948
 2.8358    1.1275
 2.8358    1.3775
 2.5219    1.3007
 2.5930    1.5116
 2.6786    1.0534
 0.8128    2.4314
 0.6878    2.5564
 0.7428    2.7506
 1.0426    2.6411
 0.9569    2.8201
 1.9994    1.1329
 2.2597    0.9474
 2.2727    1.2301
 2.1074    1.3219
 0.8197    1.5642
 0.6947    1.4392
 0.7602    1.2370
 1.0598    1.3473
 0.9842    1.1669
 1.7645    1.0096
 1.5775    0.7925
 1.7367    0.7231
 1.5160    0.1998
 1.4917    0.5587
 1.6510    0.4892
 1.3411    0.4169
 1.6075    2.8336
 1.4105    3.0755
 1.3298    2.7832
 1.4923    2.6812
 1.6080    3.0385
 1.2441    2.9622
 0.7663    3.8377
 0.5520    3.8377
 0.6758    3.4881
 0.5125    3.5971
 0.8691    3.6141
 1.8737    2.6030
 2.0236    2.2125
 2.1646    2.5128
 1.7585    2.4505
 2.8208    2.1537
 2.8208    2.4037
 2.4942    2.4486
 2.5780    2.0377
 2.8336    2.6330
 2.8336    2.8830
 2.5070    2.6779
 2.6437    3.0096
 2.5259    2.8555
 2.6544    2.5367
 1.9177    1.9115
 1.5968    1.9132
 1.6651    1.6715
 1.9060    1.6819
 0.9496    1.7036
 1.2862    1.8249
 1.1897    1.4867
 1.3545    1.5832
 1.0961    1.8272
 1.0194    1.5179
 0.9452    2.2913
 1.2817    2.1626
 1.1750    2.5010
 1.3375    2.3990
 1.0917    2.1649
 1.0080    2.4727
 2.3987    0.9245
 2.4117    1.2072
 2.5684    0.9599
 2.5615    1.1616
 2.3124    1.0910
 1.9102    0.9835
 2.1705    0.7979
 1.8824    0.6969
 2.0705    0.6130
 2.0842    0.9645
 1.8493    0.8412
 1.6449    0.1382
 1.8949    0.1382
 1.7798    0.4276
 1.9679    0.3436
 1.6609    0.3380
 1.6501    1.1182
 1.4630    0.9012
 1.3524    1.2004
 1.5172    1.2969
 1.2768    1.0200
 1.5891    0.9760
 1.9109    2.0669
 1.5900    2.0685
 1.6458    2.3049
 1.8697    2.2902
 1.7638    1.9892
 2.1886    2.1039
 2.3296    2.4042
 2.4133    1.9934
 2.1473    2.3271
 2.4770    2.2629
 1.9210    2.8166
 2.1374    3.0557
 2.2119    2.7264
 1.9215    3.0215
 2.2308    2.9039
 2.0297    2.6494
